244734
265411
212052
199967
158311
148165
154089
151265
122168
148318
167258
132061
149211
158576
255046
169593
138073
143859
172295
164709
188896
220986
242776
152967
170845
186161
161562
90741
123610
142149
136584
130296
157516
159820
158698
166881
138117
167792
187938
150354
173457
180759
143234
133349
129450
136385
113579
117047
135668
138564
115208
136020
173933
171549
194974
190694
162783
167550
97582
111975
177016
124635
137754
188012
172156
154355
123842
156319
125387
164699
127645
158020
171210
211117
177527
140352
152018
176165
196956
147654
180318
151537
146429
145714
129244
108822
136964
122880
114378
125375
146614
93829
98274
107598
114513
108614
104583
132591
111733
107555
126618
137353
123832
125184
152170
127750
124090
157707
190984
129492
136371
134838
162484
167948
167450
142435
121736
126618
124149
140859
137817
91492
118034
101138
106586
146937
96984
100691
115256
119784
119512
97393
91642
85965
98184
103366
113397
94305
100712
107507
106298
119769
135656
120573
123180
116425
125127
134822
102913
112617
111299
101761
125512
113018
84249
89000
83282
84692
95433
92067
97301
85143
94326
101015
108550
111248
106884
83868
91706
107002
101044
90606
100214
99165
102527
100881
89385
94328
78810
73993
74195
76132
78654
82259
89651
92197
83106
86505
83863
84918
72167
77211
73920
79314
76744
79164
71171
79124
87702
87695
82089
81722
83525
71357
70066
66769
72317
64314
67182
71017
68819
62919
65553
63684
67297
65255
67651
63048
69158
68151
59883
63951
57787
61980
52331
52405
51612
54865
59429
61712
61241
53261
58639
51887
56887
57344
53308
50323
49453
49078
55989
51315
47793
50993
52121
52164
55957
54119
55152
52170
50431
52516
50536
49691
52051
50755
50834
54258
50924
50401
48728
48702
49363
48678
53059
49019
48192
47992
48458
43776
42980
45425
47250
44714
43211
43190
43200
41812
43753
44228
42287
42065
42963
43531
45691
45984
44648
44987
44519
43898
43525
44481
44812
43814
43781
43346
43756
43812
43044
43752
44211
44427
44561
44693
44815
44524
44346
44849
43095
42892
42675
42807
42895
42889
42577
42310
42363
42311
41985
42118
42245
42107
42217
42197
42589
42234
42337
42077
42335
42467
42044
41569
41541
41825
41733
41632
42147
42222
42145
42208
42032
42090
42445
42150
42132
41933
41681
41906
41835
41581
41631
41970
41899
41850
42167
41793
41769
41573
41587
41496
41406
41492
41492
41645
41471
41267
41408
41506
41444
41384
41724
41530
41471
41503
41125
41110
41185
41220
41161
41119
41072
41023
41023
40987
40996
40996
41142
41212
41001
41114
40951
40932
40966
41111
41107
41040
40968
41001
41067
41067
41042
41021
40987
40996
40986
40953
40953
40944
40994
41019
40887
40887
40899
40872
40926
40926
40941
40893
40893
40879
40893
40920
40879
40869
40930
40869
40854
40854
40881
40881
40887
40887
40882
40899
40953
40926
40926
40926
40926
40926
40926
40986
40953
40926
40926
40912
40917
40872
40872
40872
40896
40941
40927
40941
40917
40942
40921
40887
40887
40873
40873
40873
40873
40873
40887
40873
40887
40887
40887
40887
40872
40858
40858
40858
40858
40858
40858
40858
40858
40858
40858
40858
40858
40858
40858
40858
40858
40858
40864
40864
40864
40864
40878
40864
40864
40864
40864
40864
40864
40840
40840
40840
40840
40840
40854
40840
40854
40854
40854
40840
40840
40840
40840
40840
40840
40840
40840
40840
40840
40840
40840
40840
40840
40840
40840
40840
40840
40840
40840
40840
40840
40840
40840
40840
40840
40840
40840
40840
40840
40840
40840
40840
40840
40840
40840
40840
40840
40840
40840
40840
40840
40840
40840
40840
40840
40840
40840
40840
40840
40840
40840
40840
40840
40840
40840
40840
40840
40840
40840
40840
40840
40840
40840
40840
40840
40840
40840
40840
40840
40840
40840
40840
40840
40840
40840
40840
40840
40840
40840
40840
40840
40840
40840
40840
40840
40840
40840
40840
40840
40840
40840
40840
40840
40840
40840
40840
40840
40840
40840
40840
40840
40840
40840
40840
40840
40840
40840
40840
40840
40840
40840
40840
40840
40840
40840
40840
40840
40840
40840
40840
40840
40840
40840
40840
40840
40840
40840
40840
40840
40840
